Original row	rang	immuno_gene	Significance	fdr	NASH_gene	Score (d)	Numerator (r)	Denominator (s+s0)	Fold Change	Healthy Obese1	Healthy Obese2	Healthy Obese3	Healthy Obese4	Healthy Obese5	Healthy Obese6	Healthy Obese7	Healthy Obese8	Healthy Obese9	Healthy Obese10	Healthy Obese11	Healthy Obese12	Healthy Obese13	Healthy Obese14	Healthy Obese15	Healthy Obese16	Healthy Obese17	Healthy Obese18	Healthy Obese19	Healthy Obese20	Healthy Obese21	Healthy Obese22	Healthy Obese23	Healthy Obese24	NASH1	NASH2	NASH3	NASH4	NASH5	NASH6	NASH7	NASH8	NASH9	NASH10	NASH11	NASH12	NASH13	NASH14	NASH15	NASH16	NASH17	NASH18	NASH19	NASH20	NASH21	NASH22	NASH23	NASH24
286	263	SPP1	1.077282e-02	0.031745016	SPP1	5.8570232	1.7660394	0.3015251	3,4661913	6.999127	9.079398	7.019811	6.6417575	6.740756	5.670749	6.6217785	6.849988	7.84892	6.4073195	5.6919627	7.037357	5.8400326	5.3753023	7.719496	6.213584	6.3862357	7.234358	5.845706	6.2940397	8.394189	5.983518	6.9575424	6.503413	7.495165	7.8569665	6.883297	6.9502263	9.193825	9.575652	8.64956	9.994201	9.574893	7.7810483	7.379797	8.795137	9.079371	9.516188	7.926659	10.179212	6.1517315	9.131614	7.769044	8.404439	8.790034	9.397624	7.984885	9.280727
51	208	CD24	6.400066e-03	0.023846399	CD24	4.6502786	1.1074724	0.23815185	2,7749836	4.39091	5.5361648	5.761451	4.7429547	5.5407968	5.441457	4.7985873	4.837141	5.714489	4.595459	5.2258444	5.1205096	4.264831	3.9169765	5.1454573	4.4789925	4.838137	5.364349	4.8728986	4.6589684	4.909223	4.5523243	4.7452173	5.1676025	6.246539	6.883837	5.3683133	5.036233	6.0069356	5.6964855	5.6294518	8.169959	5.7314982	5.5189204	5.167944	9.025912	4.8871884	6.496792	5.7871203	7.14384	5.36301	5.2540603	5.96529	5.9497857	5.473226	5.971083	6.071579	6.3550987
261	279	PTGS2	1.217065e-02	0.033730241	PTGS2	2.0025272	0.68739367	0.3432631	2,740604	5.372923	7.124227	5.5446863	5.075273	5.1019473	5.2409024	6.5474286	5.2847157	4.50664	5.391704	5.900626	5.0501637	4.87863	4.785998	5.8596334	4.560848	5.6018586	4.589225	4.9488645	4.9239583	7.515184	5.5359445	4.79524	4.780607	5.3054166	10.304936	7.405605	4.805803	7.111149	5.227864	5.066194	4.9371	5.669754	9.227587	4.8143206	5.000928	6.7576313	5.5787168	5.5824423	7.0408616	5.018685	5.819368	6.5488667	4.829062	5.6422205	5.3216386	6.2235637	6.174967
227	190	MMP9	5.559706e-03	0.022677749	MMP9	5.5452175	1.2217469	0.22032444	2,664983	3.8995702	5.3667874	3.9904904	4.708795	4.0055056	3.9474325	4.008111	4.1741724	4.2676916	4.4506984	4.305969	4.0165677	3.9669573	3.678045	4.664965	4.0082116	4.5163293	4.742835	3.8566332	3.9629476	4.804108	3.7832105	3.9415827	4.264401	4.104412	5.424163	6.2347155	4.4246197	6.084881	6.591655	4.5036793	3.7573087	6.437294	7.014761	4.2082005	5.8399153	6.189996	5.741939	6.274013	5.5470057	4.5812764	5.3317485	5.870137	4.7728477	5.4762487	6.509985	4.7103405	5.022801
99	46	CXCL10	4.861863e-04	0.008079161	CXCL10	5.032995	1.2822175	0.25476232	2,4148982	4.990921	6.8541436	6.2270913	7.103467	5.5304437	6.0011654	6.928072	5.1143494	6.1422453	6.3410296	5.977511	5.4840302	6.268062	6.1266756	7.1013255	7.370399	5.663703	5.3012614	7.0945654	8.220627	6.816166	7.367127	5.922336	6.900646	6.321215	7.197606	5.7435293	7.4183154	7.584065	7.2122254	6.8687754	7.0182652	7.7721786	7.447728	8.675044	8.780616	7.871342	7.546385	9.2086735	8.207517	7.6237116	8.677181	7.832907	6.920566	7.0384293	7.9899206	7.927226	8.737173
82	319	CHI3L1	1.702960e-02	0.041372842	CHI3L1	3.5199363	1.5088277	0.428652	2,231184	6.963671	8.440326	8.193055	11.059545	6.7202883	8.862057	7.4587703	8.835297	6.3652587	4.833298	6.13076	5.821166	8.878421	6.330028	7.1842647	5.5099225	5.6378107	8.122165	5.5325737	5.2454643	6.182956	5.9399695	7.7214446	8.908265	11.12705	8.993287	7.0565944	8.832346	9.639511	8.595768	8.398453	10.997616	8.400901	7.796431	7.794901	7.309552	8.097367	8.895674	10.403912	9.664102	6.9350543	7.953152	8.653277	9.711579	6.3342013	7.309592	7.8956757	10.292637
177	206	IL32	6.360307e-03	0.023846399	IL32	6.0911684	1.1727605	0.19253457	2,1450753	8.277082	8.929802	8.328598	8.4602785	6.978741	8.195614	7.1395245	8.445282	7.7587285	6.6629286	8.067384	7.7117968	8.066591	7.370131	8.034765	9.308053	6.7791333	7.6674037	8.287404	9.034971	8.34391	7.783977	7.821398	7.363078	8.994978	9.563544	7.553312	8.320745	9.592297	9.288874	8.651831	9.080891	9.540423	8.978345	9.119955	9.478478	9.248141	9.395731	9.312544	9.513918	9.102417	8.949975	8.873694	8.822673	9.415472	9.227808	8.725004	10.211771
298	240	THY1	8.634324e-03	0.027881672	THY1	3.8878458	0.74940825	0.19275668	1,8011867	4.517488	6.109569	4.559165	6.0607953	5.248923	4.53541	4.615248	5.280919	5.524211	5.054878	5.055017	4.8953996	4.9664783	4.489948	4.715513	4.986072	4.763387	5.4461007	4.6942487	5.246876	5.7379537	5.289522	5.283219	5.443499	5.228375	6.2339454	5.016604	5.22585	5.481023	5.0883875	6.4213147	6.8011518	6.956183	5.0340405	5.087118	6.73581	5.2481823	7.2933354	6.34731	6.0555954	4.9694285	6.528603	6.1423974	5.654683	5.588635	5.3499923	5.5474353	6.470211
270	173	S100A9	4.309494e-03	0.019305536	S100A9	2.3736246	0.5391245	0.22713132	1,7933974	5.4504957	7.042991	5.422589	5.8124995	5.170155	5.0745864	5.84114	5.619817	5.6461263	6.1251597	5.699154	5.2594967	4.8716793	5.4398017	5.5178585	5.670362	5.816386	5.0196104	5.37765	5.6368585	5.379849	5.136739	4.9242835	5.4635925	5.319291	7.9827356	7.0628986	5.4367785	7.200035	5.752348	5.3989487	5.0690923	6.0166593	8.849656	6.309166	5.2070947	5.475122	5.5224032	5.2439127	6.2139416	5.792632	6.238149	6.270417	5.4238663	6.0125065	5.718168	6.232407	5.6096473
28	93	CCL20	1.437609e-03	0.011980077	CCL20	3.1885808	0.8758292	0.27467683	1,7759378	3.2871473	6.77845	2.9496257	3.4769325	3.5031922	3.4690835	4.3284664	3.4840033	4.092771	4.105912	3.2631807	3.5983167	2.9086742	3.2744012	4.132371	3.1819115	3.4135773	3.777412	3.2087219	3.4720736	5.212632	3.327001	3.4570546	3.4862647	4.5817833	6.6306796	3.658894	3.671266	6.1602693	4.2443256	3.3363917	4.85351	5.6793356	4.316168	4.332384	5.879599	5.1414976	4.7522216	4.283202	4.6195846	3.167673	5.668912	4.0350184	3.5137541	3.6393552	3.7635138	4.777286	5.502454
234	340	MYC	2.113184e-02	0.048168154	MYC	1.7465996	0.56190395	0.3217131	1,7625458	5.355755	9.136055	6.88415	6.6240425	5.0751	5.7475376	7.154718	6.2400317	6.689767	6.4422984	6.382502	5.762188	5.546612	5.704037	6.1180577	5.3727145	6.780262	5.849622	5.192499	5.6789117	7.4863806	6.15605	6.074518	5.9598684	8.079	9.888304	8.696477	5.672862	9.198453	5.865275	6.471899	6.738861	6.556168	8.041314	5.5332513	6.2658243	6.3644676	6.727316	6.826185	6.5273733	5.776522	6.625304	7.6205063	5.733222	5.9467525	5.523098	5.8219852	6.3989706
106	188	CXCR1	5.466101e-03	0.022533131	CXCR1	1.59159	0.428226	0.26905546	1,734017	3.689264	6.0670815	3.9806154	4.6253686	3.8051684	4.5579767	4.8520823	3.9608562	3.8604338	4.8311644	4.099741	3.783105	3.8920274	3.815009	4.3125243	4.105406	4.7933598	3.1714032	4.0307984	4.292821	4.002442	3.739923	3.7599404	4.00082	3.984034	6.716021	6.4869246	4.3364143	5.4683213	4.373011	3.7823455	3.04837	3.8376732	7.521956	4.245713	3.3656323	4.9353695	4.098544	3.5532918	5.340815	4.1821966	4.463962	4.2890277	4.0937557	3.6367679	4.56449	4.9532876	5.0288577
105	85	CXCL9	1.229325e-03	0.011123269	CXCL9	3.0675216	0.70636415	0.23027195	1,6728795	4.4030857	5.9360385	5.3536763	6.6007757	4.7629204	5.2423177	5.1936393	4.67185	5.560126	5.23593	4.869524	5.039816	4.693354	5.321542	6.0624795	7.0331254	4.707223	5.487565	5.9846287	6.8658442	5.7768016	6.1714697	5.1611266	4.7778606	5.068901	5.7734227	5.0310297	6.199015	6.2530403	5.842608	5.5977173	5.3659887	6.382388	5.980394	7.015176	6.3904104	6.1824865	5.971954	8.45422	6.97727	6.6824026	6.14909	6.634958	6.1425514	5.4170856	5.419817	5.9789896	6.954533
195	23	ITGAX	1.798391e-04	0.006059797	ITGAX	3.930587	0.68267155	0.17368183	1,643819	5.5297003	7.2723923	5.5990767	6.3251624	5.215386	5.5295897	6.0112004	5.8714056	5.774729	5.7397356	5.978024	5.1541824	5.7150884	6.112905	6.301851	6.463771	5.815841	6.106363	6.3420544	6.2613473	6.6127663	5.599197	5.4234095	5.713002	6.3911023	7.6989474	6.29868	5.9643264	7.7960944	7.0369787	5.7906804	5.637879	6.8176265	7.365944	6.0451145	6.2744894	6.4742794	6.3816442	6.863724	7.069992	5.8016877	6.7868843	7.104182	6.21098	6.3346415	7.123512	7.022518	6.560393
109	103	CXCR4	1.698437e-03	0.012779501	CXCR4	1.8041233	0.49892712	0.27654824	1,5454043	5.3552814	6.215649	5.298916	5.641942	4.7690654	5.5491443	5.4471183	5.2220926	6.2082167	6.4011235	6.216758	4.991301	4.7882543	4.8961926	6.2818313	5.4515243	7.5048356	4.8500323	6.1459723	5.719358	7.3885975	6.304586	5.93363	4.902715	4.510514	7.9698477	7.641649	4.8690624	6.5480638	5.704699	6.170227	5.26124	5.779117	7.43679	5.0645227	5.39124	6.2711225	5.5410337	7.1541877	7.9152703	5.4971395	5.8642354	7.198526	5.172542	6.51186	6.143282	6.3569813	7.4852467
277	75	SELL	9.849823e-04	0.009852261	SELL	2.0344636	0.49106646	0.24137391	1,5161234	4.3548284	6.592872	5.240946	6.3666363	4.1362553	4.8476014	5.94193	5.3149567	5.331407	5.8866034	4.5065784	4.4312987	5.144852	4.910257	6.0460196	5.3544297	5.565803	4.4661217	6.0513496	5.8804126	6.1593304	5.816874	5.215682	4.897246	4.697216	6.541611	6.7558265	5.74044	4.8017645	4.693767	5.757647	4.9796243	5.453668	8.00635	6.07774	4.6771774	7.080663	5.26516	6.134255	7.024428	5.8540263	5.390453	5.8777514	5.1979647	5.7394605	5.972827	6.300969	6.225078
200	114	JUN	2.070576e-03	0.013908992	JUN	1.5751414	0.49919224	0.316919	1,4914304	8.01946	9.524151	8.409313	9.118293	7.7678843	8.738538	10.635866	7.7645874	7.5038857	8.554916	9.767523	7.6077847	7.0761676	8.025396	7.9568615	7.2583146	8.7735	7.3875237	7.9516134	6.4456797	8.82423	7.1387854	7.646799	7.1531944	8.71788	10.905554	10.506389	7.5925503	9.837262	8.081219	7.9890995	7.1804442	7.9995337	10.885261	7.36864	7.9931946	8.498742	9.133794	7.925714	9.281813	7.09827	8.736374	8.730519	7.2538896	8.698905	8.928098	8.869738	8.818029
184	112	IL7R	2.059158e-03	0.013908992	IL7R	2.4375842	0.5915756	0.24268931	1,4913762	4.5758643	6.2389874	5.2497706	5.9659514	4.8207493	5.0229654	5.226987	5.1242814	7.481513	7.381212	5.740201	5.556949	5.7981896	5.040691	5.7888956	5.546973	5.2321377	4.9280148	5.5248337	6.068113	6.974661	5.953023	5.0483775	6.1685348	4.79798	6.8713074	6.104341	5.4016767	6.1902905	6.5030494	6.149228	7.053622	5.55143	6.8960214	6.14401	6.2660522	6.221877	6.5843534	7.9877157	7.6673255	5.596189	4.9996877	7.120537	6.1317596	6.7462177	5.5500746	6.631225	5.4897227
309	205	TNFAIP3	6.359034e-03	0.023846399	TNFAIP3	1.7522238	0.40956688	0.23374118	1,4896852	6.8757405	8.436061	6.5638137	7.1043468	6.477009	6.479342	8.551794	6.8206286	7.096244	7.9035807	8.236482	6.2427664	6.7380342	7.5175757	7.565296	7.087609	7.5274553	6.8658104	7.039617	7.4214664	7.9666514	7.325305	6.9925046	6.5847754	7.020375	10.068936	7.852088	6.707198	9.562524	7.2597804	7.1859465	7.3531184	7.320208	8.824779	7.118012	7.1577644	7.522343	7.374615	7.603345	8.186287	6.7613626	8.090503	7.509898	6.732354	7.1813393	7.4209485	7.3010387	8.134738
19	149	C5AR1	3.032393e-03	0.015675049	C5AR1	1.7730277	0.47252226	0.26650587	1,484837	5.0136623	7.351782	4.769082	5.4438286	4.4500065	5.6068645	5.9303803	5.325369	4.596135	5.949773	5.827512	4.848286	5.022515	4.614462	5.2466416	5.572735	7.0634656	5.131099	5.330507	5.0276766	6.5273166	5.0130205	4.941576	5.091562	5.3235507	7.526792	6.8432517	4.818581	6.8836894	5.6671214	4.825046	4.1502447	5.4162827	7.6963415	5.04598	5.4628754	5.991612	5.2356863	6.236323	6.390186	4.5396376	6.337342	6.851748	5.2326703	5.698409	5.648089	5.786763	7.4275594
29	78	CCL3	1.004293e-03	0.009852261	CCL3	1.6659607	0.3776493	0.22668561	1,4222105	5.628186	7.4101367	5.3564477	6.051876	5.7930837	6.010368	5.805035	4.6749496	5.2573686	6.082735	6.1858425	5.6048484	5.1549315	5.1501803	5.690267	5.4829926	5.8680143	5.667241	5.1593738	5.1884875	4.9364443	4.633548	4.775174	5.6482735	5.265495	6.8478646	6.19226	5.2788506	6.8021846	6.1619916	4.9498243	4.181716	6.0107045	8.374771	5.7173314	5.0496073	5.8260746	5.810981	5.6813884	5.721766	5.7275777	6.9284143	5.716662	5.2803826	5.7156496	6.235299	6.396476	6.406122
47	170	CD2	4.274706e-03	0.019305536	CD2	3.1168666	0.44686604	0.14337029	1,4163454	4.118667	4.730048	4.290529	4.957426	4.710889	4.180011	4.4479723	4.1582913	5.2097826	5.1181545	4.5750885	4.665356	4.7769923	4.284775	5.056501	5.1975775	4.101271	4.506716	4.7928944	4.946677	4.699084	5.004479	4.3987694	4.9372916	4.8256283	5.0580616	4.445787	4.4348044	4.518037	5.244416	4.948281	5.446784	5.4991198	4.6401186	5.024789	5.2744293	4.91495	5.9105806	6.694506	5.331818	5.1383924	5.392196	5.4743404	4.699973	4.8158245	4.973274	4.9381027	4.945813
76	53	CD83	5.724657e-04	0.008318999	CD83	2.1596267	0.475595	0.22022092	1,4130772	4.9414797	7.430084	5.3104305	5.474446	5.059243	5.2047234	6.372917	5.361202	5.239055	6.1910253	5.631753	4.746363	5.644139	5.570945	6.392478	4.9168587	5.8757424	5.266787	6.1629725	5.713183	6.932233	4.959895	4.932547	5.4065986	5.3266344	7.9879804	5.6895432	5.460758	6.8414187	5.821554	5.198837	5.1942387	5.888964	7.5580425	5.654807	5.530291	6.467109	5.7414727	6.1401854	6.6613436	5.528553	6.6798077	6.598421	5.522301	5.6503434	6.2775545	6.3009553	6.4302883
175	109	IL2RG	1.946185e-03	0.013837556	IL2RG	3.268014	0.48009396	0.14690694	1,3767148	6.1693296	7.0530653	6.0456185	7.4299107	6.1460404	6.26629	6.59787	6.098922	7.099221	7.245836	5.9625425	6.164975	6.422537	6.63646	6.8912807	7.4471493	6.169473	6.563985	6.742602	7.2902055	7.0158024	6.78694	6.0909457	6.5731473	6.2703905	7.11589	6.5517364	6.6927176	6.7855544	7.115489	6.8332863	6.683356	7.2492056	7.638601	7.019963	6.9676514	7.0262914	7.7126226	8.1186	7.257485	7.114343	7.259508	7.582217	6.7242236	6.8697805	7.1615295	7.340045	7.3419237
231	276	MSR1	1.186921e-02	0.033299779	MSR1	1.9565747	0.48064613	0.24565694	1,3624877	4.501621	6.910958	5.5092964	6.992388	4.8601103	4.9737253	6.328185	5.8131647	5.220844	6.570181	5.1582747	4.4817233	5.669375	5.5090494	6.801902	5.7826133	6.8892307	5.4938087	6.453444	7.053808	7.1117086	6.351452	5.7924285	5.907141	5.146241	5.6841545	6.240426	6.7766514	5.425299	5.9211116	5.856839	5.0054383	6.1282587	7.2375054	6.7663703	6.3232937	7.684662	5.162792	6.8512864	6.6320276	6.484704	6.695156	6.9302006	6.600731	6.9230895	7.1114073	6.362545	7.721739
134	334	GPNMB	1.999727e-02	0.046400841	GPNMB	2.5373874	0.63230324	0.2491946	1,348573	6.466181	9.436044	7.131522	9.499864	6.775643	7.1223693	7.897832	7.987847	7.76058	8.387085	7.607163	6.4765162	7.955154	5.6154504	8.69406	7.484905	8.594493	7.7281523	9.056103	8.685734	9.1819315	8.252036	8.25319	8.500662	7.289007	7.8275666	8.198682	8.760058	7.7866855	8.7770815	8.461267	7.671038	8.985104	8.286804	8.077025	8.815314	9.138265	8.339551	9.237795	8.802635	8.796311	8.8556385	8.607968	8.7095175	8.9827585	8.966559	8.812955	9.540181
123	193	FCGR2A	5.671352e-03	0.022773563	FCGR2A	2.0463948	0.46219683	0.22585906	1,3478937	4.396262	6.7176824	4.712646	7.0850997	4.803885	4.29069	6.1403503	5.6038847	5.3360667	5.7641106	4.879394	4.636103	5.524427	5.3448167	5.8126774	6.0422125	6.4413023	5.4859204	5.903867	6.4680805	6.4884152	5.6291437	5.41504	5.5278482	4.3062654	6.717916	6.329645	5.4643874	5.249949	5.3111024	5.838826	5.1297903	6.3693833	7.428178	6.576107	5.896744	6.811919	5.486071	6.6425714	6.5637245	5.920883	6.466084	6.5318356	5.865609	5.7099032	6.3105116	5.8132644	6.802007
119	87	FAS	1.254466e-03	0.011123269	FAS	2.9449399	0.39234877	0.13322811	1,3300458	6.7543073	6.759924	7.7665763	6.4568896	7.0700617	7.1597934	7.717332	6.957517	7.057654	6.941654	6.8824725	6.5755334	6.6071763	7.1466827	7.2452745	6.653465	7.2879477	6.4424863	7.107603	7.165074	7.6564016	7.0784807	7.058299	6.980588	6.760292	8.390613	7.6787524	7.075098	7.37078	6.652291	7.4566107	7.8586135	7.4197063	8.202099	7.1050506	7.6320367	7.397826	6.919547	7.7971992	7.866125	6.982792	7.3187246	7.3741937	7.3834424	7.1774616	6.9741435	7.718436	7.433746
71	40	CD69	3.848357e-04	0.007456191	CD69	1.7126114	0.38082314	0.22236401	1,3201059	3.6313162	4.0429645	4.0803275	4.4777536	3.2976584	4.3748584	4.268163	3.332216	5.028256	5.1973944	3.9869647	3.9800084	3.667201	3.8802102	5.392539	4.614917	4.008198	3.2350276	3.966903	4.6822085	5.870456	4.451543	3.6167085	3.822929	2.760806	6.4503894	4.9319253	3.5565848	4.112516	4.137297	5.1235666	4.462108	4.322121	5.5177164	4.0389256	4.0644207	4.7185254	4.858924	5.1248345	5.4198003	4.393998	4.838153	4.8812566	4.3398705	4.17851	4.09967	5.2816896	4.432876
211	171	LGALS3	4.279494e-03	0.019305536	LGALS3	3.0946653	0.4153371	0.13421066	1,3188947	5.0408163	6.131978	5.14377	5.5554886	5.1273437	5.1379232	5.2438693	5.421866	5.297363	5.1866145	4.6524158	4.6208024	5.3307514	4.986844	5.9037614	5.3225203	5.593048	5.4362803	5.5626755	6.0383844	6.227317	5.5678015	5.4277034	6.0972595	5.1229835	5.837842	5.5327134	5.891182	5.278977	5.583531	5.52872	6.882233	6.0339365	5.835194	5.55865	5.9977765	6.045371	5.9231772	5.9987555	6.005473	5.7105427	6.1272235	6.1949844	5.8859725	5.9506254	5.892217	6.0035863	5.2010293
8	197	ANXA5	5.999758e-03	0.023603109	ANXA5	3.0567205	0.44265556	0.14481388	1,317247	8.624612	9.522342	8.73669	9.810636	8.271955	8.802486	9.508432	9.423657	8.900279	9.282409	8.127565	9.602955	9.410372	8.609526	9.11893	9.444972	9.6941185	9.196774	10.017955	9.831462	9.074036	8.351181	8.89189	9.304255	9.265707	9.78	9.670782	9.639215	8.945136	9.295666	9.81522	9.554133	9.702715	9.4562025	9.574531	10.155442	9.47341	9.351506	9.728547	9.752712	9.052514	9.308295	9.647225	9.722026	9.825462	9.323965	9.594795	10.54802
194	22	ITGAM	1.796968e-04	0.006059797	ITGAM	3.3956623	0.39672613	0.11683321	1,3129107	5.114101	6.1327024	5.1174626	6.3253455	5.4317446	5.261514	5.2595854	5.226126	4.954577	5.843258	5.074447	5.404637	5.3253756	5.008499	5.454761	5.7185016	5.4792576	5.4283996	5.804162	5.5277605	5.2453794	5.051783	5.455676	5.4811487	5.253306	5.8901987	5.954439	5.4426565	5.8929725	5.904118	5.522532	5.5723066	6.052452	6.5365286	5.960611	5.508182	5.9009314	5.334396	5.893778	6.126411	5.613123	6.0256357	6.591001	5.7219424	5.367858	5.859159	5.87636	5.846721
74	11	CD80	1.076208e-04	0.006059797	CD80	2.003476	0.3424363	0.1709211	1,2961782	4.1051908	4.456427	3.9634855	4.5994844	4.138727	4.3892784	4.51158	4.2434497	4.0878787	4.6217446	4.332982	3.9329877	4.298969	4.548036	4.5435452	3.965402	5.1697373	4.1673603	4.3913674	5.126259	5.934799	3.965875	4.038842	4.082677	4.7286034	5.062801	4.5561614	4.3373733	4.6054983	4.29659	4.2321863	3.5171359	4.1881456	6.2297325	4.9450293	4.277192	5.6013875	4.38231	4.696743	4.9999557	4.172652	5.2347074	5.3066077	4.261073	5.071468	5.4015174	4.6574903	5.072188
21	110	CASP1	1.987282e-03	0.013908992	CASP1	2.3220723	0.36752748	0.15827565	1,2922351	5.011233	5.354999	5.1596575	5.966989	4.0527015	4.6994805	5.6193633	5.1857443	5.1429605	5.495648	4.5908713	4.523068	5.3174896	5.3249426	5.738502	5.6743774	5.2918057	5.496846	5.930473	6.067108	5.585151	5.566576	5.5516696	5.541993	4.608422	5.6731725	5.486927	5.8525405	4.695016	5.255689	5.8434024	5.4509377	5.0291862	6.3215923	6.02332	5.771686	5.901149	5.4974375	6.206618	6.0639415	5.5598392	5.5850368	5.680501	5.635606	5.4894137	6.3720927	6.320429	6.386346
6	322	ALOX5	1.745953e-02	0.042022172	ALOX5	2.667022	0.3701353	0.13878225	1,2819461	5.592577	7.120222	5.6291413	7.053094	5.645741	5.496424	5.9220014	5.797889	5.910394	6.3497963	5.8373537	5.9426603	6.0170507	5.7786264	6.453061	5.949255	5.926176	5.8435173	5.9687996	6.4358	6.512398	5.8522434	5.775945	5.6576996	6.017149	6.829434	6.5708723	6.2761145	6.3619585	6.280129	5.9228115	5.992277	6.4743414	7.3765445	6.6612124	5.759055	6.2654305	5.845411	6.9652343	6.8772306	6.0580826	6.4690595	6.713539	6.019106	6.1303105	6.131705	6.689976	6.6641483
66	256	CD53	9.959012e-03	0.030064287	CD53	1.9751414	0.4077816	0.20645691	1,2797059	6.4258494	8.854719	7.1527977	8.956442	7.0166926	7.0305395	8.131885	7.679301	7.945115	8.453093	7.0213737	7.351427	8.109014	6.849307	8.344237	8.085173	8.244742	7.2674475	8.304039	8.739446	8.6069	8.011243	7.4695535	7.9578533	6.2935047	8.348342	8.184074	8.064457	7.5393677	7.7878256	7.932551	7.4447155	8.113319	8.945074	8.464034	7.8872027	8.627056	7.8837557	9.06764	8.742068	8.349692	8.531969	8.844034	8.273894	8.398275	8.804111	8.621511	8.646502
174	163	IL2RB	3.865656e-03	0.018317084	IL2RB	1.7254193	0.3344326	0.19382685	1,2732446	6.175845	5.977639	5.229362	6.5407763	6.109417	6.56242	5.9475865	5.919921	6.029495	6.666652	5.728602	5.832929	6.3220096	6.3047214	6.7012105	5.7794285	5.042034	5.360838	6.8409925	7.113418	5.6446004	6.1537304	4.65587	6.0904446	6.125519	5.288944	5.2028065	6.6594806	5.0968714	6.823693	6.024798	5.559481	6.1956563	7.011004	6.5789785	6.2480426	7.100868	5.6915455	6.250919	6.8161597	6.9287815	7.0486054	6.284351	6.369567	6.4988437	7.1228485	7.225436	6.6031265
100	138	CXCL11	2.626754e-03	0.014751696	CXCL11	2.4765294	0.29695487	0.11990767	1,2689681	3.1501849	3.7114422	3.6661003	3.634745	3.128562	3.4138634	3.6111717	3.4183335	3.785096	3.2309027	3.4532309	3.225344	3.2537131	3.815856	3.9753208	3.3788052	3.4336333	3.1147225	3.4689665	3.6063225	4.0290594	3.3126962	3.2010787	3.3771763	3.269842	3.648618	3.368861	3.6055362	3.8896108	3.4891932	3.323833	3.4519935	3.5939434	4.193218	3.7854316	3.4386828	4.376071	3.8421483	5.2231336	4.0513554	3.4534779	3.997363	4.083185	3.7000055	3.607535	3.7008495	3.8368871	3.592482
263	50	PTPRC	5.495091e-04	0.008318999	PTPRC	1.7985693	0.36290312	0.20177321	1,2643124	5.7798734	7.43442	6.892176	7.9901857	6.0246153	6.5999517	7.4703074	6.806762	7.2904053	7.6045713	6.1267085	6.324519	7.2174864	7.296757	7.7720284	6.989333	7.0702662	6.7132015	7.8341074	8.308936	7.96938	7.556319	6.6258907	6.900216	6.104566	7.9043446	7.34211	7.412181	6.3962812	6.880666	7.2064056	6.674566	7.1624885	8.391179	7.788643	7.1699758	8.34941	7.0787315	8.102818	7.9963374	7.756928	7.481809	8.320835	7.220848	7.4392223	7.8516264	8.037402	7.23873
242	258	NFKB2	1.011078e-02	0.030361282	NFKB2	1.6019635	0.26296997	0.16415478	1,2634407	6.7595544	7.2723923	6.062794	6.255535	6.478051	6.500225	6.6352096	5.920378	5.9430985	6.5631967	7.20878	5.863095	6.1585536	6.508531	6.1121016	6.311174	5.7197747	6.5372257	6.188377	6.1987734	6.4483676	5.576331	6.0570965	6.278395	7.7352433	8.163352	6.1292048	6.0271745	7.7410145	6.6573687	5.8718224	6.1966376	6.7873497	6.652522	6.2825	6.5345616	6.4309382	6.88839	6.336098	6.506099	6.0081997	6.9293623	6.4658184	5.951251	6.399018	6.174762	6.372116	6.6274805
117	121	ENTPD1	2.248900e-03	0.014404114	ENTPD1	2.3036876	0.38496828	0.1671096	1,2597958	5.119793	6.7404375	5.8729014	7.2831535	5.7444463	5.2756453	6.4291763	6.3952937	6.3059425	6.135592	5.21668	5.383245	6.6321254	5.4258447	6.640468	6.1274	6.418586	6.0824184	6.4430103	7.151969	6.602534	5.937718	6.481317	6.408559	5.6058755	6.8804693	6.513322	6.6209154	5.631397	5.9806395	6.4415154	7.377199	6.559722	6.9026856	6.221463	6.4198956	6.6835103	6.168653	6.7246695	7.1215143	6.3325706	6.7795105	6.768108	6.5987663	6.6280093	6.6153	6.738457	7.1793222
278	203	SELP	6.316472e-03	0.023846399	SELP	2.5954309	0.31677723	0.12205189	1,2318629	4.5291705	5.6872797	5.244032	6.1042256	5.5032277	4.956231	4.7049327	5.0851955	4.6187854	5.1285715	5.1966634	5.073353	5.0081925	4.3974404	4.965046	4.8035088	4.8238354	4.5041857	4.9371448	5.3358583	5.156621	5.256489	5.105488	5.181135	4.7193522	5.8698897	5.027587	5.4615674	5.133474	5.476084	5.0824456	6.0312543	5.1125236	5.611745	5.290801	5.2323527	5.0868864	5.7620544	5.3050694	5.564716	5.3431334	5.508385	5.7318277	5.4343166	5.529725	4.9147415	4.9637384	5.715626
65	241	CD48	8.731748e-03	0.028079272	CD48	1.7129644	0.3188386	0.18613264	1,2307812	5.2154317	5.8027306	5.4917526	6.620149	4.8267913	5.4491835	5.9186783	5.475797	5.8660336	6.5547748	5.080372	4.8949847	5.5418873	5.2158136	6.6140532	5.972588	5.5417023	5.5803666	6.370988	6.9002934	6.3944592	6.3406725	5.04054	5.8104815	4.8736424	5.7909946	5.4815607	6.3978395	4.954654	5.7497416	5.8337984	5.8087654	5.9907794	6.43179	6.5871706	5.8552976	6.7685037	6.0919414	7.0233397	6.8922906	6.0341907	5.779285	6.8585663	6.016782	6.2074256	6.468309	6.5993314	5.6766577
138	326	HGF	1.827266e-02	0.043439601	HGF	1.7753117	0.3259492	0.18360111	1,2293164	6.2187395	8.143127	8.093903	8.648429	6.794113	6.654746	7.575665	7.7644825	7.1078315	7.965724	7.0592265	6.8744926	7.65237	6.5158305	7.7622757	7.1089063	7.5116954	6.6962404	7.4342813	7.6118164	8.432803	7.445975	7.177457	7.303987	6.86033	8.823611	7.6933484	7.17585	7.1459904	6.9269485	7.7909594	8.627255	7.5713105	7.7319527	7.22596	7.9615364	8.843908	7.6939516	7.752339	7.913105	7.1176534	7.707053	8.086729	7.750097	7.8085494	7.387754	7.9796295	7.801066
202	271	KITLG	1.143927e-02	0.032566870	KITLG	1.7926348	0.226681	0.1264513	1,2235968	3.283991	3.938837	3.8195186	3.5947547	3.6435432	3.5212557	3.7529502	3.6971872	3.3454542	3.7350903	3.599632	3.6035304	4.0577087	3.6359413	3.657402	3.3448515	3.0976286	3.459401	3.97821	3.8000486	3.8540041	3.696807	3.45547	3.8373723	3.9772172	5.272008	3.2549706	3.306597	3.5501235	3.77391	3.6551833	4.5103025	3.6798863	3.5910654	3.079043	4.0482416	4.215694	3.464832	4.111881	4.2985587	3.866586	3.9680743	3.7576609	3.232194	4.0654087	3.9093618	4.2058654	4.056282
196	38	ITGB2	3.499403e-04	0.007136940	ITGB2	2.2359245	0.31300735	0.13999012	1,2172172	7.0684805	8.271152	6.739502	8.276845	6.9626665	7.179676	7.5263963	7.479068	7.523148	7.9510813	6.640007	7.0472164	7.6337533	7.4001017	7.991211	7.528291	7.6102867	8.017269	8.015575	8.313171	8.034016	7.7924123	7.478646	7.5981827	7.674707	7.963165	7.4404106	7.728585	7.405178	7.827593	7.582697	7.19246	8.179066	8.154469	8.038577	7.814298	8.390932	7.6738744	8.5561905	8.372955	8.100615	7.8023386	8.598775	7.7660255	7.7890534	7.9822187	7.9260693	7.63014
296	113	TGFB1	2.061948e-03	0.013908992	TGFB1	2.3598573	0.3110547	0.13181081	1,2108638	5.777656	7.2549887	6.0873423	7.674897	6.5335765	6.3660965	6.850361	6.465512	6.7877116	7.2340965	6.8030014	6.4043818	7.035768	6.018613	7.300377	6.6741834	6.6418204	6.872266	6.8954787	7.388017	7.276703	6.9535666	6.767296	6.960113	6.900662	7.4776654	6.8470263	7.126546	6.440825	6.7489653	6.8854513	7.113171	7.0630007	7.3913107	6.975495	6.746997	7.286145	7.23611	7.5581727	7.180295	7.167776	7.00518	7.803259	7.0900435	7.0550666	6.954384	6.835645	7.599944
162	31	IL18	2.981281e-04	0.007136940	IL18	2.0954018	0.33538437	0.1600573	1,2085612	3.4893773	5.3070583	3.4259145	5.231115	3.5407512	4.0228596	4.30788	3.5742376	4.25955	4.5151362	3.4827354	3.4095953	3.990226	3.3848178	4.2737217	4.3198514	4.1172805	3.644822	4.2860866	5.083096	4.251826	3.7809346	3.790558	3.8670356	4.409807	4.7057705	4.2051997	4.278237	4.6068172	3.738877	4.069459	4.9893365	4.109045	4.8665986	3.7105272	4.4005094	4.465869	3.9855797	4.9969254	5.088107	4.2884607	4.010256	4.8260593	4.0022397	4.026049	4.522173	4.806373	4.297432
14	97	BCL2	1.552867e-03	0.012398676	BCL2	2.927563	0.26092243	0.089126155	1,2015609	5.3210893	5.982866	5.5782638	5.9993954	5.493889	5.2018423	5.522989	5.5584073	6.023067	5.6548815	5.5675383	5.394002	5.4888086	5.4436207	5.6137056	5.5169554	5.647059	5.6827464	5.6882668	6.0240345	6.0118756	5.872629	5.593468	5.608007	5.9049654	6.3471584	5.8761325	5.3616133	5.841124	5.6798377	5.9954967	6.369026	5.762523	6.175038	5.8706985	5.9295316	5.8791018	6.0748773	5.9672384	6.1984625	5.6508093	5.927366	6.3803606	5.780754	5.832303	5.6628704	5.5878234	5.696414
114	182	DPP4	5.096104e-03	0.021612112	DPP4	1.8466166	0.23055172	0.124850884	1,1950333	8.593595	9.259985	9.218681	8.891986	9.309672	9.067168	9.039771	8.890095	8.845251	9.425193	9.406945	9.265893	8.908163	8.607035	9.13058	8.604185	8.860542	8.415102	9.471212	9.064835	8.637414	9.211218	9.289917	8.572358	8.217059	8.820239	9.556189	9.056128	8.995554	9.258315	9.322235	9.430981	9.076179	9.136271	8.651327	10.198221	9.688278	8.983018	9.18493	9.63538	9.106491	9.030918	8.970461	8.938328	9.409512	9.562415	9.4143	9.877316
62	84	CD44	1.198345e-03	0.011056161	CD44	1.787402	0.33159733	0.18551916	1,1877378	7.1073236	9.369647	7.957502	9.045276	7.5990143	7.5416017	8.517543	8.292476	8.227524	8.993311	7.2182117	7.5249	8.85289	7.392754	9.072517	8.4022045	8.393989	8.140806	8.623525	9.159357	9.328053	8.938444	8.193613	8.560257	7.3277593	9.165254	8.741985	8.411379	8.247484	8.236206	8.405046	8.242239	8.542421	8.703821	8.884017	8.433755	9.105611	8.732619	9.38615	9.0642605	8.671831	8.996306	9.474731	8.604801	8.564494	8.886213	8.618529	8.964141
147	86	ICOS	1.239130e-03	0.011123269	ICOS	1.6437424	0.21587014	0.13132845	1,1852742	2.8961337	3.7271664	2.910153	2.9678612	2.7777543	2.9730577	2.6967354	2.9567046	3.137807	2.9881134	2.648559	2.8757858	2.570019	2.807354	3.6132886	3.161836	2.8495517	3.0134802	3.0602233	2.9309714	3.8132186	3.7286003	3.101901	3.3346052	3.0426013	3.9246507	3.0041332	3.142958	3.1085496	2.9530058	3.1978762	3.4283426	3.1129088	3.11848	3.119648	3.1270287	4.09394	3.6717184	4.584775	3.6990016	2.951103	3.1075304	3.4481828	2.9387329	2.8233774	3.2080953	2.855389	3.0597312
288	94	STAT1	1.496688e-03	0.012209328	STAT1	2.038751	0.24798107	0.12163383	1,1844541	8.888158	9.100486	9.234713	9.63441	8.768381	8.744226	8.830233	8.741058	8.537019	8.828424	8.316448	9.033832	8.764024	8.941462	9.11071	9.609675	9.121187	8.723619	9.188002	9.816805	9.570368	9.179876	9.106798	8.829235	9.571013	9.158708	8.866579	9.103712	8.717375	8.6146555	9.062628	9.35352	9.039693	9.050396	10.130312	9.449542	9.602454	9.109282	9.817556	9.480655	9.576405	9.377746	9.616939	9.28683	9.002689	9.353168	9.196237	9.032612
219	327	MARCKS	1.833459e-02	0.043453549	MARCKS	2.1510692	0.25085688	0.116619624	1,1755582	6.791259	7.011495	6.3102837	7.7388	6.859173	7.208828	6.598494	6.992263	6.6070247	7.1792006	6.5074344	6.2876368	6.916887	5.809503	6.990985	7.0251145	6.8413725	6.606011	6.9367595	6.9763618	7.2712917	6.905141	6.924368	6.932762	6.6020885	7.8363676	6.7394853	7.055626	6.800967	6.949282	7.226997	7.196177	7.4583683	7.1367445	6.938384	7.273448	7.161796	7.0644135	7.4585366	6.8853464	7.0321913	7.2729516	7.554383	7.163796	6.87447	6.836147	6.736201	6.9948187
34	303	CCND1	1.475909e-02	0.037675345	CCND1	2.710842	0.21849823	0.08060161	1,1667469	7.000397	7.2015076	6.789883	6.7319493	7.001735	6.7675056	6.55431	6.5766726	6.615423	6.492888	6.5882006	6.8723226	6.5357976	6.742007	7.0431285	6.7293854	6.7982807	6.9097757	6.765609	6.6475453	6.7374935	6.30488	6.7061896	6.875699	7.4872513	7.1293316	6.622623	6.903064	6.7085915	6.957476	7.215235	7.286125	7.009039	6.7094426	7.1381326	7.0233593	6.5533786	7.157478	6.7891526	7.0318713	7.033734	6.819734	7.0909324	7.189805	6.9040036	6.6713705	6.9388223	6.8625736
73	150	CD74	3.033880e-03	0.015675049	CD74	1.8303385	0.25949478	0.1417742	1,1583645	10.701151	11.646757	10.322805	12.128174	10.843902	10.902154	11.1751375	11.200956	11.269914	11.653677	10.8927145	10.645724	11.346322	9.919434	11.581293	11.450294	11.008703	11.680331	11.557424	11.962815	11.613651	11.417065	11.452063	11.441578	11.1249275	11.543347	11.159666	11.371106	11.026163	11.570492	11.387101	10.852158	11.815705	11.895364	11.434932	11.137954	11.642498	11.556326	12.119356	11.305705	11.6763315	11.642238	12.124214	11.517949	11.366753	11.479487	11.591321	11.700821
9	140	ANXA6	2.705169e-03	0.014975044	ANXA6	1.8333526	0.19976234	0.10896014	1,153535	10.687961	10.409118	10.108788	10.361889	10.409066	10.029451	10.209269	10.251152	9.6875105	10.141243	9.905855	10.290978	10.31025	10.793629	10.616957	9.929147	10.638744	10.309609	10.786016	10.12771	10.518064	10.717195	10.018769	10.400038	10.05163	10.110612	10.283317	10.599117	10.16918	10.267369	10.409484	11.060637	10.423248	9.872429	10.797796	11.075139	10.186016	10.673341	10.565413	10.773209	10.65494	10.670665	10.183598	10.5972395	11.016073	10.555316	10.669032	10.787893
133	338	GLI2	2.097480e-02	0.048093104	GLI2	1.7401526	0.17393589	0.09995439	1,1511072	4.4753456	4.6298447	4.378246	4.3337116	4.4995813	4.2126265	4.295514	4.3294473	4.3474174	4.1679397	4.6119614	4.5250545	4.6293693	3.8902533	4.1993127	4.2128396	4.4538865	4.327576	4.116287	4.337315	4.2081833	4.129113	4.5616355	4.403224	4.771923	4.507421	4.1228404	4.4688883	4.814017	5.196117	4.5939507	4.92274	5.0643787	3.9497287	4.639794	4.5602736	4.0435925	4.7340603	4.3052773	4.4997597	3.9176958	4.8092694	4.3441157	4.5516477	4.78889	4.4957185	3.8931632	4.4548798
204	273	KLRD1	1.147194e-02	0.032566870	KLRD1	1.6660229	0.20714092	0.12433258	1,1490669	3.6654148	4.0103	4.0051246	4.5661607	3.801302	3.769215	4.185227	3.6855989	4.403888	4.798933	4.147535	4.4169836	4.6208196	4.129333	4.1973114	4.468522	4.0889144	4.0751743	4.576647	5.289518	4.2103586	4.2633533	3.9722767	4.1463137	4.050798	3.9589176	4.074187	5.2455597	4.0539956	4.301001	4.658674	4.088464	4.0346203	4.817167	4.621937	4.7011704	4.7569733	4.089521	3.939834	4.6941032	4.7611237	4.6465025	4.225617	4.384762	4.5282607	4.9173484	4.6149893	4.300076
241	19	NFKB1	1.669480e-04	0.006059797	NFKB1	1.6336845	0.17439365	0.10674867	1,1369458	7.872882	8.269574	7.943886	7.981192	7.69433	7.461495	8.444092	7.8613677	7.804498	8.044946	8.035157	7.54458	7.798245	7.7987156	8.15822	7.6100698	7.58549	7.179359	7.9179363	7.930757	8.317069	7.5193496	7.7008986	7.8469114	8.0361595	9.142452	7.8430066	7.8851123	8.39302	7.5022306	7.7837205	8.048224	7.8056808	8.271901	7.9963984	8.033037	8.43407	7.909631	7.965629	8.28898	7.891285	7.9200068	7.909	7.7873573	8.033213	7.7507257	7.952309	7.9232736
232	304	MTOR	1.477846e-02	0.037675345	MTOR	1.9485271	0.16843414	0.08644178	1,1190802	8.733472	7.932109	7.835783	7.9770503	7.8948803	8.091048	7.7964272	8.012418	7.7656302	7.6699247	7.664712	8.038356	7.993678	8.535794	7.9125967	8.139769	7.7173553	8.24104	8.012228	8.076556	8.2375765	7.947604	8.018283	8.026867	8.096659	7.592971	7.9320908	8.393652	8.04184	8.188681	8.086645	8.608778	8.252952	8.081783	8.148495	8.702284	8.191925	8.2066965	8.203593	8.261185	8.102159	8.173741	8.041504	8.155329	8.348406	8.021774	8.099917	8.38053
265	126	RAG2	2.422635e-03	0.014751696	RAG2	1.8407485	0.14943361	0.08118089	1,1120498	2.4879313	2.54162	2.4456394	2.2272403	2.6841211	2.4960775	2.1233153	2.5226977	2.3350182	1.9803958	2.6607363	2.7746391	2.3484588	2.143833	2.4290261	2.2327507	2.0892208	2.389609	2.3127708	2.2257254	2.5087383	2.464027	2.1280437	2.1691816	2.3924222	2.477828	2.5637813	2.3111641	2.3997247	2.358818	2.487836	2.47099	2.252026	2.2200255	2.4283676	2.7267199	3.1336458	2.9401858	2.525105	2.8431158	2.2924857	2.7689202	2.2761695	2.4345276	2.5464725	2.4887514	2.4279897	2.5401666
208	222	LAMP1	7.233744e-03	0.025126123	LAMP1	1.9114307	0.123319626	0.064516924	1,0857496	10.642704	10.163259	9.902094	10.320416	10.285835	10.359207	10.173698	10.188194	9.9326105	10.044005	10.335379	10.100157	10.172082	10.122145	10.100966	9.8969145	9.919584	10.215921	10.220181	10.032136	9.977488	10.321612	10.331874	10.237318	10.185267	10.144022	10.28925	10.325417	10.385029	10.349881	10.239858	10.397168	10.2660675	10.214637	10.290626	10.666676	10.316649	10.413141	10.402334	10.301717	10.252697	10.286811	10.426186	10.376376	10.168611	10.017796	10.062673	10.176586
